Index	het	asd_n	nt_n
1	0.01	10	12
2	0.01	9	13
3	0.01	8	14
4	0.01	7	15
5	0.01	9	11
6	0.01	8	12
7	0.01	7	13
8	0.01	6	14
9	0.018	10	12
10	0.018	9	13
11	0.018	8	14
12	0.018	7	15
13	0.018	9	11
14	0.018	8	12
15	0.018	7	13
16	0.018	6	14
17	0.026	10	12
18	0.026	9	13
19	0.026	8	14
20	0.026	7	15
21	0.026	9	11
22	0.026	8	12
23	0.026	7	13
24	0.026	6	14
25	0.034	10	12
26	0.034	9	13
27	0.034	8	14
28	0.034	7	15
29	0.034	9	11
30	0.034	8	12
31	0.034	7	13
32	0.034	6	14
33	0.042	10	12
34	0.042	9	13
35	0.042	8	14
36	0.042	7	15
37	0.042	9	11
38	0.042	8	12
39	0.042	7	13
40	0.042	6	14
41	0.05	10	12
42	0.05	9	13
43	0.05	8	14
44	0.05	7	15
45	0.05	9	11
46	0.05	8	12
47	0.05	7	13
48	0.05	6	14
49	0.058	10	12
50	0.058	9	13
51	0.058	8	14
52	0.058	7	15
53	0.058	9	11
54	0.058	8	12
55	0.058	7	13
56	0.058	6	14
57	0.066	10	12
58	0.066	9	13
59	0.066	8	14
60	0.066	7	15
61	0.066	9	11
62	0.066	8	12
63	0.066	7	13
64	0.066	6	14
65	0.074	10	12
66	0.074	9	13
67	0.074	8	14
68	0.074	7	15
69	0.074	9	11
70	0.074	8	12
71	0.074	7	13
72	0.074	6	14
73	0.082	10	12
74	0.082	9	13
75	0.082	8	14
76	0.082	7	15
77	0.082	9	11
78	0.082	8	12
79	0.082	7	13
80	0.082	6	14
81	0.09	10	12
82	0.09	9	13
83	0.09	8	14
84	0.09	7	15
85	0.09	9	11
86	0.09	8	12
87	0.09	7	13
88	0.09	6	14
89	0.098	10	12
90	0.098	9	13
91	0.098	8	14
92	0.098	7	15
93	0.098	9	11
94	0.098	8	12
95	0.098	7	13
96	0.098	6	14
97	0.106	10	12
98	0.106	9	13
99	0.106	8	14
100	0.106	7	15
101	0.106	9	11
102	0.106	8	12
103	0.106	7	13
104	0.106	6	14
105	0.114	10	12
106	0.114	9	13
107	0.114	8	14
108	0.114	7	15
109	0.114	9	11
110	0.114	8	12
111	0.114	7	13
112	0.114	6	14
113	0.122	10	12
114	0.122	9	13
115	0.122	8	14
116	0.122	7	15
117	0.122	9	11
118	0.122	8	12
119	0.122	7	13
120	0.122	6	14
121	0.13	10	12
122	0.13	9	13
123	0.13	8	14
124	0.13	7	15
125	0.13	9	11
126	0.13	8	12
127	0.13	7	13
128	0.13	6	14
129	0.138	10	12
130	0.138	9	13
131	0.138	8	14
132	0.138	7	15
133	0.138	9	11
134	0.138	8	12
135	0.138	7	13
136	0.138	6	14
137	0.146	10	12
138	0.146	9	13
139	0.146	8	14
140	0.146	7	15
141	0.146	9	11
142	0.146	8	12
143	0.146	7	13
144	0.146	6	14
145	0.154	10	12
146	0.154	9	13
147	0.154	8	14
148	0.154	7	15
149	0.154	9	11
150	0.154	8	12
151	0.154	7	13
152	0.154	6	14